1,1.4841
2,1.4841
3,1.4841
4,1.4841
5,1.4841
6,1.4841
7,1.4841
8,1.4841
9,1.4841
10,1.4841
11,1.4841
12,1.4841
13,1.4841
14,1.4841
15,1.4841
16,1.4841
17,1.4841
18,1.4841
19,1.4841
20,1.4841
21,1.4841
22,1.4841
23,1.4841
24,1.4841
25,1.4841
26,1.4841
27,1.4841
28,1.4841
29,1.4841
30,1.4841
31,1.4841
32,1.4841
33,1.4841
34,1.4841
35,1.4841
36,1.4841
37,1.4841
38,1.4678
39,1.4678
40,1.4678
41,1.4678
42,1.4678
43,1.4678
44,1.4678
45,1.4678
46,1.4678
47,1.4678
48,1.4678
49,1.4678
50,1.4678
51,1.4678
52,1.4678
53,1.4678
54,1.4678
55,1.4678
56,1.4678
57,1.4678
58,1.4678
59,1.4678
60,1.4678
61,1.4678
62,1.4678
63,1.4678
64,1.4678
65,1.4678
66,1.4678
67,1.4678
68,1.4678
69,1.4678
70,1.4678
71,1.4678
72,1.4678
73,1.4678
74,1.4678
75,1.4678
76,1.4678
77,1.4678
78,1.4678
79,1.4678
80,1.4678
81,1.4678
82,1.4678
83,1.4678
84,1.4678
85,1.4678
86,1.4678
87,1.4678
88,1.4507
89,1.4430
90,1.4430
91,1.4430
92,1.4430
93,1.4430
94,1.4430
95,1.4430
96,1.4430
97,1.4430
98,1.4430
99,1.4430
100,1.4430
101,1.4430
102,1.4430
103,1.4430
104,1.4430
105,1.4430
106,1.4430
107,1.4430
108,1.4430
109,1.4430
110,1.4430
111,1.4430
112,1.4430
113,1.4430
114,1.4430
115,1.4430
116,1.4430
117,1.4430
118,1.4430
119,1.4430
120,1.4430
121,1.4430
122,1.4430
123,1.4430
124,1.4430
125,1.4430
126,1.4430
127,1.4430
128,1.4430
129,1.4430
130,1.4430
131,1.4430
132,1.4430
133,1.4430
134,1.4430
135,1.4430
136,1.4430
137,1.4430
138,1.4430
139,1.4430
140,1.4430
141,1.4430
142,1.4430
143,1.4430
144,1.4430
145,1.4430
146,1.4430
147,1.4430
148,1.4430
149,1.4430
150,1.4430
151,1.4430
152,1.4430
153,1.4430
154,1.4430
155,1.4430
156,1.4430
157,1.4430
158,1.4430
159,1.4430
160,1.4430
161,1.4430
162,1.4430
163,1.4430
164,1.4430
165,1.4430
166,1.4430
167,1.4430
168,1.4430
169,1.4430
170,1.4430
171,1.4430
172,1.4430
173,1.4430
174,1.4430
175,1.4430
176,1.4430
177,1.4430
178,1.4430
179,1.4430
180,1.4430
181,1.4430
182,1.4430
183,1.4430
184,1.4430
185,1.4430
186,1.4430
187,1.4430
188,1.4430
189,1.4430
190,1.4430
191,1.4430
192,1.4430
193,1.4430
194,1.4430
195,1.4430
196,1.4430
197,1.4430
198,1.4430
199,1.4430
200,1.4430
201,1.4388
202,1.4388
203,1.4388
204,1.4388
205,1.4388
206,1.4388
207,1.4388
208,1.4388
209,1.4388
210,1.4251
211,1.4251
212,1.4251
213,1.4251
214,1.4251
215,1.4251
216,1.4251
217,1.4251
218,1.4251
219,1.4069
220,1.4069
221,1.4069
222,1.4069
223,1.4069
224,1.4069
225,1.4069
226,1.4069
227,1.4069
228,1.4069
229,1.4069
230,1.4069
231,1.4069
232,1.4069
233,1.4069
234,1.4069
235,1.4069
236,1.4069
237,1.4069
238,1.4069
239,1.4069
240,1.4069
241,1.4069
242,1.4069
243,1.4069
244,1.4069
245,1.4069
246,1.4069
247,1.4069
248,1.4069
249,1.4069
250,1.4069
251,1.4069
252,1.4069
253,1.4069
254,1.4069
255,1.4069
256,1.4069
257,1.4069
258,1.4069
259,1.4069
260,1.4069
261,1.4069
262,1.4069
263,1.4069
264,1.4069
265,1.4069
266,1.4069
267,1.4069
268,1.4069
269,1.4069
270,1.4069
271,1.4069
272,1.4069
273,1.4069
274,1.4069
275,1.4069
276,1.4069
277,1.4069
278,1.4069
279,1.4069
280,1.4069
281,1.4069
282,1.4069
283,1.4069
284,1.4069
285,1.4069
286,1.4069
287,1.4069
288,1.4069
289,1.4069
290,1.4069
291,1.4069
292,1.4069
293,1.4069
294,1.4069
295,1.4069
296,1.4069
297,1.4069
298,1.4069
299,1.4069
300,1.4069
301,1.4069
302,1.4069
303,1.4069
304,1.4069
305,1.4069
306,1.4069
307,1.4069
308,1.4069
309,1.4069
310,1.4069
311,1.4069
312,1.4069
313,1.4069
314,1.4069
315,1.4069
316,1.4069
317,1.4069
318,1.4069
319,1.4069
320,1.4069
321,1.4069
322,1.4069
323,1.4069
324,1.4069
325,1.4069
326,1.4069
327,1.4069
328,1.4069
329,1.4069
330,1.4069
331,1.4069
332,1.4069
333,1.4069
334,1.3883
335,1.3883
336,1.3883
337,1.3883
338,1.3883
339,1.3883
340,1.3883
341,1.3883
342,1.3883
343,1.3883
344,1.3883
345,1.3883
346,1.3883
347,1.3883
348,1.3883
349,1.3883
350,1.3883
351,1.3883
352,1.3883
353,1.3883
354,1.3883
355,1.3883
356,1.3883
357,1.3883
358,1.3883
359,1.3883
360,1.3883
361,1.3883
362,1.3883
363,1.3883
364,1.3883
365,1.3883
366,1.3883
367,1.3883
368,1.3883
369,1.3883
370,1.3883
371,1.3883
372,1.3883
373,1.3883
374,1.3883
375,1.3883
376,1.3883
377,1.3883
378,1.3883
379,1.3883
380,1.3883
381,1.3883
382,1.3883
383,1.3883
384,1.3883
385,1.3883
386,1.3883
387,1.3883
388,1.3883
389,1.3883
390,1.3883
391,1.3883
392,1.3883
393,1.3883
394,1.3883
395,1.3883
396,1.3883
397,1.3883
398,1.3883
399,1.3864
400,1.3864
401,1.3864
402,1.3864
403,1.3864
404,1.3864
405,1.3864
406,1.3864
407,1.3864
408,1.3864
409,1.3864
410,1.3864
411,1.3864
412,1.3864
413,1.3795
414,1.3795
415,1.3618
416,1.3618
417,1.3618
418,1.3618
419,1.3618
420,1.3618
421,1.3618
422,1.3618
423,1.3618
424,1.3618
425,1.3618
426,1.3618
427,1.3618
428,1.3618
429,1.3618
430,1.3618
431,1.3618
432,1.3618
433,1.3618
434,1.3618
435,1.3455
436,1.3455
437,1.3455
438,1.3455
439,1.3455
440,1.3455
441,1.3455
442,1.3455
443,1.3455
444,1.3455
445,1.3455
446,1.3455
447,1.3455
448,1.3455
449,1.3455
450,1.3455
451,1.3455
452,1.3455
453,1.3455
454,1.3455
455,1.3455
456,1.3455
457,1.3455
458,1.3455
459,1.3455
460,1.3455
461,1.3455
462,1.3455
463,1.3455
464,1.3455
465,1.3455
466,1.3455
467,1.3455
468,1.3455
469,1.3455
470,1.3455
471,1.3455
472,1.3455
473,1.3455
474,1.3455
475,1.3455
476,1.3455
477,1.3455
478,1.3455
479,1.3455
480,1.3455
481,1.3455
482,1.3455
483,1.3455
484,1.3455
485,1.3455
486,1.3455
487,1.3455
488,1.3455
489,1.3455
490,1.3455
491,1.3455
492,1.3455
493,1.3455
494,1.3455
495,1.3455
496,1.3455
497,1.3455
498,1.3455
499,1.3455
500,1.3455
501,1.3455
502,1.3455
503,1.3455
504,1.3455
505,1.3455
506,1.3455
507,1.3455
508,1.3455
509,1.3455
510,1.3455
511,1.3455
512,1.3455
513,1.3455
514,1.3455
515,1.3455
516,1.3455
517,1.3455
518,1.3455
519,1.3455
520,1.3455
521,1.3455
522,1.3455
523,1.3455
524,1.3455
525,1.3452
526,1.3452
527,1.3452
528,1.3452
529,1.3452
530,1.3452
531,1.3434
532,1.3434
533,1.3434
534,1.3434
535,1.3373
536,1.3373
537,1.3373
538,1.3373
539,1.3373
540,1.3373
541,1.3373
542,1.3373
543,1.3373
544,1.3373
545,1.3373
546,1.3373
547,1.3373
548,1.3373
549,1.3373
550,1.3373
551,1.3373
552,1.3373
553,1.3373
554,1.3373
555,1.3373
556,1.3364
557,1.3364
558,1.3364
559,1.3364
560,1.3364
561,1.3364
562,1.3364
563,1.3364
564,1.3364
565,1.3364
566,1.3364
567,1.3364
568,1.3364
569,1.3364
570,1.3364
571,1.3364
572,1.3364
573,1.3364
574,1.3364
575,1.3364
576,1.3364
577,1.3364
578,1.3364
579,1.3364
580,1.3364
581,1.3364
582,1.3364
583,1.3364
584,1.3364
585,1.3364
586,1.3364
587,1.3335
588,1.3335
589,1.3335
590,1.3335
591,1.3335
592,1.3335
593,1.3335
594,1.3335
595,1.3335
596,1.3335
597,1.3335
598,1.3335
599,1.3335
600,1.3335
601,1.3335
602,1.3335
603,1.3335
604,1.3335
605,1.3335
606,1.3335
607,1.3335
608,1.3335
609,1.3335
610,1.3335
611,1.3335
612,1.3335
613,1.3335
614,1.3335
615,1.3335
616,1.3335
617,1.3335
618,1.3335
619,1.3335
620,1.3335
621,1.3335
622,1.3335
623,1.3335
624,1.3335
625,1.3335
626,1.3335
627,1.3332
628,1.3332
629,1.3332
630,1.3332
631,1.3332
632,1.3332
633,1.3332
634,1.3332
635,1.3332
636,1.3332
637,1.3332
638,1.3332
639,1.3332
640,1.3332
641,1.3332
642,1.3332
643,1.3238
644,1.3238
645,1.3238
646,1.3238
647,1.3238
648,1.3238
649,1.3238
650,1.3238
651,1.3238
652,1.3238
653,1.3238
654,1.3238
655,1.3238
656,1.3238
657,1.3238
658,1.3238
659,1.3238
660,1.3238
661,1.3238
662,1.3238
663,1.3238
664,1.3238
665,1.3238
666,1.3238
667,1.3238
668,1.3238
669,1.3238
670,1.3238
671,1.3238
672,1.3238
673,1.3238
674,1.3238
675,1.3238
676,1.3238
677,1.3238
678,1.3238
679,1.3238
680,1.3238
681,1.3238
682,1.3238
683,1.3238
684,1.3238
685,1.3238
686,1.3196
687,1.3196
688,1.3196
689,1.3196
690,1.3196
691,1.3196
692,1.3196
693,1.3196
694,1.3196
695,1.3196
696,1.3196
697,1.3196
698,1.3196
699,1.3196
700,1.3196
701,1.3196
702,1.3196
703,1.3196
704,1.3196
705,1.3196
706,1.3154
707,1.3154
708,1.3154
709,1.3154
710,1.3154
711,1.3154
712,1.3154
713,1.3154
714,1.3154
715,1.3154
716,1.3154
717,1.3154
718,1.3154
719,1.3154
720,1.3154
721,1.3154
722,1.3154
723,1.3154
724,1.3154
725,1.3154
726,1.3154
727,1.3154
728,1.3154
729,1.3154
730,1.3154
731,1.3154
732,1.3154
733,1.3154
734,1.3154
735,1.3154
736,1.3154
737,1.3154
738,1.3154
739,1.3154
740,1.3154
741,1.3154
742,1.3154
743,1.3154
744,1.3154
745,1.3154
746,1.3154
747,1.3154
748,1.3154
749,1.3154
750,1.3154
751,1.3154
752,1.3154
753,1.3154
754,1.3154
755,1.3154
756,1.3154
757,1.3154
758,1.3154
759,1.3154
760,1.3154
761,1.3154
762,1.3154
763,1.3154
764,1.3154
765,1.3154
766,1.3154
767,1.3154
768,1.3154
769,1.3154
770,1.3154
771,1.3154
772,1.3154
773,1.3154
774,1.3154
775,1.3154
776,1.3154
777,1.3154
778,1.3154
779,1.3154
780,1.3154
781,1.3154
782,1.3154
783,1.3154
784,1.3154
785,1.3154
786,1.3154
787,1.3154
788,1.3154
789,1.3154
790,1.3154
791,1.3154
792,1.3154
793,1.3154
794,1.3154
795,1.3154
796,1.3154
797,1.3154
798,1.3154
799,1.3154
800,1.3154
801,1.3154
802,1.3154
803,1.3154
804,1.3154
805,1.3154
806,1.3154
807,1.3154
808,1.3154
809,1.3154
810,1.3154
811,1.3154
812,1.3154
813,1.3154
814,1.3154
815,1.3154
816,1.3154
817,1.3154
818,1.3154
819,1.3154
820,1.3154
821,1.3154
822,1.3154
823,1.3154
824,1.3154
825,1.3154
826,1.3154
827,1.3154
828,1.3154
829,1.3154
830,1.3154
831,1.3154
832,1.3154
833,1.3154
834,1.3154
835,1.3154
836,1.3154
837,1.3154
838,1.3154
839,1.3154
840,1.3154
841,1.3154
842,1.3154
843,1.3154
844,1.3154
845,1.3154
846,1.3154
847,1.3154
848,1.3154
849,1.3154
850,1.3154
851,1.3154
852,1.3154
853,1.3154
854,1.3154
855,1.3154
856,1.3154
857,1.3154
858,1.3154
859,1.3154
860,1.3154
861,1.3154
862,1.3154
863,1.3154
864,1.3154
865,1.3154
866,1.3154
867,1.3154
868,1.3154
869,1.3154
870,1.3154
871,1.3154
872,1.3154
873,1.3154
874,1.3154
875,1.3154
876,1.3154
877,1.3154
878,1.3154
879,1.3154
880,1.3154
881,1.3154
882,1.3154
883,1.3154
884,1.3154
885,1.3154
886,1.3154
887,1.3154
888,1.3154
889,1.3154
890,1.3154
891,1.3154
892,1.3154
893,1.3154
894,1.3154
895,1.3154
896,1.3154
897,1.3154
898,1.3154
899,1.3154
900,1.3154
901,1.3154
902,1.3154
903,1.3154
904,1.3154
905,1.3154
906,1.3154
907,1.3154
908,1.3154
909,1.3154
910,1.3154
911,1.3154
912,1.3154
913,1.3154
914,1.3154
915,1.3154
916,1.3154
917,1.3154
918,1.3154
919,1.3154
920,1.3154
921,1.3154
922,1.3154
923,1.3110
924,1.3110
925,1.3110
926,1.3110
927,1.3110
928,1.3110
929,1.3060
930,1.3060
931,1.3060
932,1.3060
933,1.3060
934,1.3060
935,1.3060
936,1.3060
937,1.3060
938,1.3060
939,1.3060
940,1.3060
941,1.3060
942,1.3060
943,1.3060
944,1.3060
945,1.3060
946,1.3060
947,1.3060
948,1.3060
949,1.3060
950,1.3060
951,1.3060
952,1.3060
953,1.3060
954,1.3060
955,1.3060
956,1.3060
957,1.3060
958,1.3060
959,1.3057
960,1.3057
961,1.3057
962,1.3057
963,1.3057
964,1.3057
965,1.3057
966,1.3057
967,1.3057
968,1.3057
969,1.3057
970,1.3057
971,1.3057
972,1.3057
973,1.3057
974,1.3057
975,1.3057
976,1.3057
977,1.3057
978,1.3057
979,1.3057
980,1.3048
981,1.3048
982,1.3048
983,1.3048
984,1.3048
985,1.3048
986,1.3048
987,1.3048
988,1.3048
989,1.3048
990,1.3048
991,1.3048
992,1.3048
993,1.3048
994,1.3048
995,1.3048
996,1.3048
997,1.3048
998,1.3048
999,1.3048
1000,1.3048
1001,1.3048
1002,1.3048
1003,1.3048
1004,1.3048
1005,1.3048
1006,1.3048
1007,1.3048
1008,1.3048
1009,1.3048
1010,1.3048
1011,1.3048
1012,1.3048
1013,1.3048
1014,1.3048
1015,1.3048
1016,1.3048
1017,1.3048
1018,1.3048
1019,1.3048
1020,1.3048
1021,1.3048
1022,1.3048
1023,1.3048
1024,1.3048
1025,1.3048
1026,1.3048
1027,1.3048
1028,1.3048
1029,1.3048
1030,1.3048
1031,1.3048
1032,1.3048
1033,1.3048
1034,1.3048
1035,1.3048
1036,1.3048
1037,1.3048
1038,1.3048
1039,1.3048
1040,1.3048
1041,1.3048
1042,1.3048
1043,1.3048
1044,1.3048
1045,1.3048
1046,1.3048
1047,1.3048
1048,1.3048
1049,1.3048
1050,1.3002
1051,1.3002
1052,1.3002
1053,1.3002
1054,1.3002
1055,1.3002
1056,1.3002
1057,1.3002
1058,1.3002
1059,1.3002
1060,1.3002
1061,1.3002
1062,1.3002
1063,1.3002
1064,1.3002
1065,1.3002
1066,1.2962
1067,1.2962
1068,1.2962
1069,1.2955
1070,1.2940
1071,1.2940
1072,1.2940
1073,1.2940
1074,1.2940
1075,1.2940
1076,1.2940
1077,1.2940
1078,1.2920
1079,1.2920
1080,1.2920
1081,1.2920
1082,1.2920
1083,1.2920
1084,1.2920
1085,1.2920
1086,1.2920
1087,1.2920
1088,1.2920
1089,1.2920
1090,1.2920
1091,1.2920
1092,1.2912
1093,1.2912
1094,1.2912
1095,1.2912
1096,1.2912
1097,1.2912
1098,1.2912
1099,1.2912
1100,1.2912
1101,1.2912
1102,1.2912
1103,1.2912
1104,1.2912
1105,1.2912
1106,1.2912
1107,1.2912
1108,1.2912
1109,1.2912
1110,1.2912
1111,1.2912
1112,1.2912
1113,1.2912
1114,1.2912
1115,1.2912
1116,1.2912
1117,1.2912
1118,1.2912
1119,1.2912
1120,1.2912
1121,1.2912
1122,1.2912
1123,1.2912
1124,1.2912
1125,1.2912
1126,1.2912
1127,1.2912
1128,1.2912
1129,1.2912
1130,1.2912
1131,1.2912
1132,1.2912
1133,1.2877
1134,1.2877
1135,1.2877
1136,1.2877
1137,1.2877
1138,1.2877
1139,1.2877
1140,1.2877
1141,1.2877
1142,1.2877
1143,1.2877
1144,1.2877
1145,1.2877
1146,1.2877
1147,1.2877
1148,1.2877
1149,1.2877
1150,1.2877
1151,1.2877
1152,1.2877
1153,1.2877
1154,1.2877
1155,1.2877
1156,1.2799
1157,1.2799
1158,1.2799
1159,1.2799
1160,1.2799
1161,1.2799
1162,1.2799
1163,1.2799
1164,1.2799
1165,1.2799
1166,1.2799
1167,1.2799
1168,1.2799
1169,1.2799
1170,1.2799
1171,1.2799
1172,1.2799
1173,1.2799
1174,1.2799
1175,1.2799
1176,1.2799
1177,1.2799
1178,1.2799
1179,1.2799
1180,1.2799
1181,1.2799
1182,1.2799
1183,1.2745
1184,1.2745
1185,1.2745
1186,1.2745
1187,1.2745
1188,1.2745
1189,1.2745
1190,1.2745
1191,1.2745
1192,1.2745
1193,1.2745
1194,1.2745
1195,1.2745
1196,1.2745
1197,1.2745
1198,1.2745
1199,1.2745
1200,1.2745
1201,1.2745
1202,1.2745
1203,1.2745
1204,1.2745
1205,1.2745
1206,1.2745
1207,1.2745
1208,1.2724
1209,1.2629
1210,1.2629
1211,1.2629
1212,1.2629
1213,1.2629
1214,1.2629
1215,1.2629
1216,1.2629
1217,1.2629
1218,1.2629
1219,1.2629
1220,1.2629
1221,1.2629
1222,1.2629
1223,1.2629
1224,1.2629
1225,1.2629
1226,1.2629
1227,1.2629
1228,1.2629
1229,1.2629
1230,1.2629
1231,1.2629
1232,1.2629
1233,1.2629
1234,1.2629
1235,1.2629
1236,1.2629
1237,1.2629
1238,1.2629
1239,1.2629
1240,1.2629
1241,1.2629
1242,1.2629
1243,1.2629
1244,1.2629
1245,1.2629
1246,1.2629
1247,1.2629
1248,1.2629
1249,1.2629
1250,1.2629
1251,1.2629
1252,1.2629
1253,1.2564
1254,1.2564
1255,1.2564
1256,1.2564
1257,1.2564
1258,1.2564
1259,1.2564
1260,1.2564
1261,1.2564
1262,1.2564
1263,1.2564
1264,1.2564
1265,1.2564
1266,1.2564
1267,1.2564
1268,1.2564
1269,1.2564
1270,1.2564
1271,1.2564
1272,1.2564
1273,1.2564
1274,1.2564
1275,1.2564
1276,1.2564
1277,1.2564
1278,1.2564
1279,1.2564
1280,1.2564
1281,1.2564
1282,1.2564
1283,1.2564
1284,1.2564
1285,1.2564
1286,1.2564
1287,1.2564
1288,1.2564
1289,1.2564
1290,1.2542
1291,1.2542
1292,1.2542
1293,1.2542
1294,1.2542
1295,1.2542
1296,1.2542
1297,1.2542
1298,1.2542
1299,1.2542
1300,1.2542
1301,1.2542
1302,1.2542
1303,1.2542
1304,1.2542
1305,1.2542
1306,1.2542
1307,1.2542
1308,1.2542
1309,1.2542
1310,1.2542
1311,1.2542
1312,1.2542
1313,1.2542
1314,1.2542
1315,1.2542
1316,1.2542
1317,1.2542
1318,1.2542
1319,1.2542
1320,1.2542
1321,1.2542
1322,1.2542
1323,1.2542
1324,1.2542
1325,1.2542
1326,1.2542
1327,1.2542
1328,1.2542
1329,1.2542
1330,1.2542
1331,1.2542
1332,1.2542
1333,1.2542
1334,1.2542
1335,1.2542
1336,1.2542
1337,1.2542
1338,1.2542
1339,1.2542
1340,1.2542
1341,1.2542
1342,1.2542
1343,1.2542
1344,1.2542
1345,1.2542
1346,1.2542
1347,1.2542
1348,1.2542
1349,1.2542
1350,1.2542
1351,1.2542
1352,1.2536
1353,1.2536
1354,1.2536
1355,1.2536
1356,1.2536
1357,1.2536
1358,1.2536
1359,1.2534
1360,1.2534
1361,1.2534
1362,1.2489
1363,1.2489
1364,1.2489
1365,1.2419
1366,1.2419
1367,1.2419
1368,1.2419
1369,1.2419
1370,1.2419
1371,1.2419
1372,1.2419
1373,1.2419
1374,1.2419
1375,1.2419
1376,1.2419
1377,1.2419
1378,1.2419
1379,1.2419
1380,1.2419
1381,1.2419
1382,1.2419
1383,1.2419
1384,1.2419
1385,1.2419
1386,1.2419
1387,1.2419
1388,1.2419
1389,1.2419
1390,1.2419
1391,1.2419
1392,1.2419
1393,1.2419
1394,1.2419
1395,1.2419
1396,1.2419
1397,1.2419
1398,1.2419
1399,1.2419
1400,1.2419
1401,1.2419
1402,1.2419
1403,1.2419
1404,1.2419
1405,1.2419
1406,1.2419
1407,1.2419
1408,1.2419
1409,1.2419
1410,1.2419
1411,1.2419
1412,1.2419
1413,1.2419
1414,1.2392
1415,1.2392
1416,1.2392
1417,1.2390
1418,1.2390
1419,1.2390
1420,1.2390
1421,1.2390
1422,1.2382
1423,1.2382
1424,1.2382
1425,1.2382
1426,1.2382
1427,1.2382
1428,1.2382
1429,1.2358
1430,1.2358
1431,1.2358
1432,1.2358
1433,1.2358
1434,1.2358
1435,1.2358
1436,1.2358
1437,1.2358
1438,1.2358
1439,1.2358
1440,1.2358
1441,1.2358
1442,1.2358
1443,1.2358
1444,1.2358
1445,1.2358
1446,1.2358
1447,1.2358
1448,1.2358
1449,1.2358
1450,1.2358
1451,1.2358
1452,1.2358
1453,1.2358
1454,1.2358
1455,1.2358
1456,1.2358
1457,1.2358
1458,1.2358
1459,1.2358
1460,1.2358
1461,1.2358
1462,1.2358
1463,1.2358
1464,1.2358
1465,1.2358
1466,1.2358
1467,1.2358
1468,1.2358
1469,1.2358
1470,1.2358
1471,1.2358
1472,1.2358
1473,1.2358
1474,1.2355
1475,1.2355
1476,1.2355
1477,1.2294
1478,1.2294
1479,1.2294
1480,1.2294
1481,1.2294
1482,1.2294
1483,1.2294
1484,1.2294
1485,1.2294
1486,1.2294
1487,1.2294
1488,1.2294
1489,1.2285
1490,1.2285
1491,1.2271
1492,1.2271
1493,1.2271
1494,1.2271
1495,1.2271
1496,1.2271
1497,1.2271
1498,1.2271
1499,1.2271
1500,1.2271
1501,1.2271
1502,1.2237
1503,1.2237
1504,1.2237
1505,1.2237
1506,1.2237
1507,1.2237
1508,1.2237
1509,1.2237
1510,1.2237
1511,1.2237
1512,1.2237
1513,1.2237
1514,1.2192
1515,1.2192
1516,1.2192
1517,1.2192
1518,1.2192
1519,1.2192
1520,1.2192
1521,1.2192
1522,1.2192
1523,1.2192
1524,1.2192
1525,1.2192
1526,1.2192
1527,1.2192
1528,1.2192
1529,1.2192
1530,1.2192
1531,1.2192
1532,1.2192
1533,1.2192
1534,1.2192
1535,1.2192
1536,1.2165
1537,1.2165
1538,1.2165
1539,1.2165
1540,1.2165
1541,1.2165
1542,1.2165
1543,1.2165
1544,1.2165
1545,1.2165
1546,1.2165
1547,1.2165
1548,1.2165
1549,1.2165
1550,1.2165
1551,1.2165
1552,1.2165
1553,1.2165
1554,1.2165
1555,1.2165
1556,1.2165
1557,1.2165
1558,1.2165
1559,1.2165
1560,1.2165
1561,1.2165
1562,1.2165
1563,1.2165
1564,1.2165
1565,1.2165
1566,1.2165
1567,1.2165
1568,1.2165
1569,1.2165
1570,1.2165
1571,1.2165
1572,1.2165
1573,1.2165
1574,1.2165
1575,1.2165
1576,1.2165
1577,1.2165
1578,1.2165
1579,1.2165
1580,1.2165
1581,1.2165
1582,1.2165
1583,1.2165
1584,1.2165
1585,1.2165
1586,1.2165
1587,1.2165
1588,1.2158
1589,1.2158
1590,1.2158
1591,1.2158
1592,1.2158
1593,1.2158
1594,1.2158
1595,1.2158
1596,1.2158
1597,1.2158
1598,1.2158
1599,1.2158
1600,1.2158
1601,1.2158
1602,1.2158
1603,1.2158
1604,1.2140
1605,1.2140
1606,1.2140
1607,1.2140
1608,1.2140
1609,1.2112
1610,1.2112
1611,1.2112
1612,1.2112
1613,1.2112
1614,1.2112
1615,1.2112
1616,1.2112
1617,1.2112
1618,1.2112
1619,1.2112
1620,1.2112
1621,1.2112
1622,1.2112
1623,1.2112
1624,1.2112
1625,1.2112
1626,1.2112
1627,1.2112
1628,1.2112
1629,1.2112
1630,1.2112
1631,1.2112
1632,1.2112
1633,1.2112
1634,1.2112
1635,1.2112
1636,1.2104
1637,1.2104
1638,1.2104
1639,1.2104
1640,1.2104
1641,1.2104
1642,1.2104
1643,1.2099
1644,1.2099
1645,1.2099
1646,1.2099
1647,1.2099
1648,1.2099
1649,1.2099
1650,1.2099
1651,1.2099
1652,1.2051
1653,1.2051
1654,1.2051
1655,1.2051
1656,1.2051
1657,1.2051
1658,1.2051
1659,1.2051
1660,1.2051
1661,1.2051
1662,1.2051
1663,1.2051
1664,1.2051
1665,1.2051
1666,1.2051
1667,1.2051
1668,1.2051
1669,1.2051
1670,1.2051
1671,1.2051
1672,1.2051
1673,1.2051
1674,1.2051
1675,1.2051
1676,1.2051
1677,1.2051
1678,1.2051
1679,1.2051
1680,1.2051
1681,1.2051
1682,1.2051
1683,1.2051
1684,1.2051
1685,1.2051
1686,1.2051
1687,1.2051
1688,1.2051
1689,1.2051
1690,1.2051
1691,1.2051
1692,1.2051
1693,1.2051
1694,1.2051
1695,1.2051
1696,1.2051
1697,1.2051
1698,1.2051
1699,1.2051
1700,1.2051
1701,1.2051
1702,1.2051
1703,1.2051
1704,1.2051
1705,1.2051
1706,1.2051
1707,1.2051
1708,1.2051
1709,1.2051
1710,1.2051
1711,1.2051
1712,1.2051
1713,1.2051
1714,1.2051
1715,1.2051
1716,1.2051
1717,1.2051
1718,1.2051
1719,1.2051
1720,1.2051
1721,1.2051
1722,1.2051
1723,1.2051
1724,1.2051
1725,1.2051
1726,1.2051
1727,1.2051
1728,1.2051
1729,1.2051
1730,1.2051
1731,1.2051
1732,1.2051
1733,1.2051
1734,1.2051
1735,1.2051
1736,1.2051
1737,1.2051
1738,1.2051
1739,1.2051
1740,1.2051
1741,1.2051
1742,1.2051
1743,1.2051
1744,1.2051
1745,1.2051
1746,1.2051
1747,1.2051
1748,1.2006
1749,1.2006
1750,1.2006
1751,1.2006
1752,1.2006
1753,1.2006
1754,1.2006
1755,1.2006
1756,1.2006
1757,1.2006
1758,1.2006
1759,1.2006
1760,1.2006
1761,1.2006
1762,1.2006
1763,1.2006
1764,1.2006
1765,1.2006
1766,1.2006
1767,1.2006
1768,1.2006
1769,1.2006
1770,1.2006
1771,1.2006
1772,1.2006
1773,1.2006
1774,1.2006
1775,1.2006
1776,1.2006
1777,1.2006
1778,1.2006
1779,1.2006
1780,1.2006
1781,1.2006
1782,1.2006
1783,1.2006
1784,1.2006
1785,1.1979
1786,1.1979
1787,1.1979
1788,1.1979
1789,1.1979
1790,1.1979
1791,1.1979
1792,1.1979
1793,1.1979
1794,1.1979
1795,1.1979
1796,1.1979
1797,1.1979
1798,1.1979
1799,1.1979
1800,1.1979
1801,1.1979
1802,1.1979
1803,1.1979
1804,1.1979
1805,1.1979
1806,1.1979
1807,1.1979
1808,1.1979
1809,1.1979
1810,1.1979
1811,1.1979
1812,1.1979
1813,1.1979
1814,1.1979
1815,1.1979
1816,1.1979
1817,1.1979
1818,1.1979
1819,1.1979
1820,1.1979
1821,1.1979
1822,1.1979
1823,1.1979
1824,1.1979
1825,1.1979
1826,1.1979
1827,1.1979
1828,1.1979
1829,1.1979
1830,1.1979
1831,1.1979
1832,1.1979
1833,1.1979
1834,1.1979
1835,1.1979
1836,1.1979
1837,1.1979
1838,1.1979
1839,1.1979
1840,1.1979
1841,1.1979
1842,1.1979
1843,1.1979
1844,1.1979
1845,1.1979
1846,1.1979
1847,1.1979
1848,1.1979
1849,1.1979
1850,1.1979
1851,1.1979
1852,1.1979
1853,1.1979
1854,1.1979
1855,1.1979
1856,1.1979
1857,1.1979
1858,1.1979
1859,1.1979
1860,1.1979
1861,1.1979
1862,1.1979
1863,1.1979
1864,1.1979
1865,1.1979
1866,1.1979
1867,1.1979
1868,1.1979
1869,1.1979
1870,1.1979
1871,1.1979
1872,1.1979
1873,1.1979
1874,1.1979
1875,1.1979
1876,1.1979
1877,1.1979
1878,1.1979
1879,1.1979
1880,1.1979
1881,1.1979
1882,1.1979
1883,1.1979
1884,1.1979
1885,1.1979
1886,1.1979
1887,1.1979
1888,1.1979
1889,1.1979
1890,1.1979
1891,1.1979
1892,1.1979
1893,1.1979
1894,1.1979
1895,1.1979
1896,1.1979
1897,1.1979
1898,1.1979
1899,1.1979
1900,1.1979
1901,1.1979
1902,1.1979
1903,1.1979
1904,1.1979
1905,1.1979
1906,1.1979
1907,1.1979
1908,1.1979
1909,1.1979
1910,1.1979
1911,1.1979
1912,1.1979
1913,1.1979
1914,1.1979
1915,1.1979
1916,1.1979
1917,1.1979
1918,1.1979
1919,1.1979
1920,1.1979
1921,1.1979
1922,1.1979
1923,1.1979
1924,1.1972
1925,1.1972
1926,1.1972
1927,1.1972
1928,1.1972
1929,1.1972
1930,1.1972
1931,1.1972
1932,1.1972
1933,1.1972
1934,1.1972
1935,1.1972
1936,1.1972
1937,1.1972
1938,1.1972
1939,1.1972
1940,1.1972
1941,1.1972
1942,1.1972
1943,1.1972
1944,1.1972
1945,1.1972
1946,1.1972
1947,1.1972
1948,1.1972
1949,1.1972
1950,1.1972
1951,1.1972
1952,1.1972
1953,1.1972
1954,1.1972
1955,1.1970
1956,1.1970
1957,1.1970
1958,1.1970
1959,1.1970
1960,1.1970
1961,1.1970
1962,1.1970
1963,1.1970
1964,1.1970
1965,1.1970
1966,1.1970
1967,1.1970
1968,1.1970
1969,1.1970
1970,1.1970
1971,1.1960
1972,1.1960
1973,1.1960
1974,1.1960
1975,1.1960
1976,1.1960
1977,1.1960
1978,1.1960
1979,1.1960
1980,1.1960
1981,1.1960
1982,1.1960
1983,1.1960
1984,1.1960
1985,1.1960
1986,1.1960
1987,1.1960
1988,1.1960
1989,1.1960
1990,1.1960
1991,1.1960
1992,1.1960
1993,1.1960
1994,1.1960
1995,1.1960
1996,1.1960
1997,1.1960
1998,1.1960
1999,1.1950
2000,1.1950
2001,1.1950
2002,1.1950
2003,1.1950
2004,1.1950
2005,1.1950
2006,1.1950
2007,1.1950
2008,1.1950
2009,1.1950
2010,1.1950
2011,1.1950
2012,1.1950
2013,1.1950
2014,1.1950
2015,1.1950
2016,1.1950
2017,1.1950
2018,1.1950
2019,1.1950
2020,1.1950
2021,1.1950
2022,1.1950
2023,1.1950
2024,1.1950
2025,1.1950
2026,1.1950
2027,1.1950
2028,1.1945
2029,1.1945
2030,1.1945
2031,1.1945
2032,1.1945
2033,1.1945
2034,1.1945
2035,1.1945
2036,1.1945
2037,1.1945
2038,1.1945
2039,1.1945
2040,1.1926
2041,1.1926
2042,1.1926
2043,1.1926
2044,1.1926
2045,1.1926
2046,1.1926
2047,1.1926
2048,1.1926
2049,1.1926
2050,1.1926
2051,1.1926
2052,1.1926
2053,1.1926
2054,1.1926
2055,1.1926
2056,1.1926
2057,1.1926
2058,1.1926
2059,1.1926
2060,1.1926
2061,1.1926
2062,1.1926
2063,1.1926
2064,1.1926
2065,1.1926
2066,1.1926
2067,1.1926
2068,1.1926
2069,1.1926
2070,1.1926
2071,1.1926
2072,1.1926
2073,1.1926
2074,1.1926
2075,1.1926
2076,1.1926
2077,1.1926
2078,1.1926
2079,1.1926
2080,1.1926
2081,1.1926
2082,1.1926
2083,1.1926
2084,1.1926
2085,1.1926
2086,1.1926
2087,1.1926
2088,1.1926
2089,1.1926
2090,1.1926
2091,1.1926
2092,1.1926
2093,1.1926
2094,1.1926
2095,1.1926
2096,1.1926
2097,1.1926
2098,1.1926
2099,1.1926
2100,1.1926
2101,1.1926
2102,1.1926
2103,1.1926
2104,1.1926
2105,1.1926
2106,1.1926
2107,1.1926
2108,1.1926
2109,1.1926
2110,1.1926
2111,1.1926
2112,1.1926
2113,1.1926
2114,1.1926
2115,1.1926
2116,1.1926
2117,1.1926
2118,1.1926
2119,1.1926
2120,1.1926
2121,1.1926
2122,1.1926
2123,1.1926
2124,1.1926
2125,1.1926
2126,1.1926
2127,1.1926
2128,1.1926
2129,1.1926
2130,1.1926
2131,1.1926
2132,1.1926
2133,1.1926
2134,1.1926
2135,1.1926
2136,1.1926
2137,1.1926
2138,1.1926
2139,1.1926
2140,1.1926
2141,1.1926
2142,1.1926
2143,1.1926
2144,1.1926
2145,1.1926
2146,1.1926
2147,1.1926
2148,1.1926
2149,1.1926
2150,1.1926
2151,1.1926
2152,1.1926
2153,1.1926
2154,1.1926
2155,1.1926
2156,1.1926
2157,1.1926
2158,1.1926
2159,1.1926
2160,1.1926
2161,1.1926
2162,1.1926
2163,1.1926
2164,1.1926
2165,1.1926
2166,1.1926
2167,1.1926
2168,1.1926
2169,1.1926
2170,1.1926
2171,1.1926
2172,1.1926
2173,1.1926
2174,1.1926
2175,1.1926
2176,1.1926
2177,1.1926
2178,1.1926
2179,1.1926
2180,1.1926
2181,1.1926
2182,1.1926
2183,1.1926
2184,1.1926
2185,1.1926
2186,1.1926
2187,1.1926
2188,1.1926
2189,1.1926
2190,1.1926
2191,1.1926
2192,1.1926
2193,1.1926
2194,1.1926
2195,1.1926
2196,1.1926
2197,1.1926
2198,1.1926
2199,1.1926
2200,1.1926
2201,1.1926
2202,1.1926
2203,1.1926
2204,1.1926
2205,1.1926
2206,1.1926
2207,1.1926
2208,1.1926
2209,1.1926
2210,1.1926
2211,1.1926
2212,1.1926
2213,1.1926
2214,1.1926
2215,1.1926
2216,1.1926
2217,1.1926
2218,1.1926
2219,1.1926
2220,1.1926
2221,1.1926
2222,1.1926
2223,1.1926
2224,1.1926
2225,1.1926
2226,1.1926
2227,1.1926
2228,1.1926
2229,1.1926
2230,1.1926
2231,1.1926
2232,1.1926
2233,1.1926
2234,1.1926
2235,1.1926
2236,1.1926
2237,1.1926
2238,1.1926
2239,1.1926
2240,1.1926
2241,1.1926
2242,1.1926
2243,1.1926
2244,1.1926
2245,1.1926
2246,1.1926
2247,1.1926
2248,1.1926
2249,1.1926
2250,1.1926
2251,1.1926
2252,1.1926
2253,1.1926
2254,1.1926
2255,1.1926
2256,1.1926
2257,1.1926
2258,1.1926
2259,1.1926
2260,1.1926
2261,1.1926
2262,1.1926
2263,1.1926
2264,1.1926
2265,1.1926
2266,1.1926
2267,1.1926
2268,1.1926
2269,1.1926
2270,1.1926
2271,1.1926
2272,1.1926
2273,1.1926
2274,1.1926
2275,1.1926
2276,1.1926
2277,1.1926
2278,1.1926
2279,1.1926
2280,1.1926
2281,1.1926
2282,1.1926
2283,1.1926
2284,1.1926
2285,1.1926
2286,1.1926
2287,1.1926
2288,1.1926
2289,1.1926
2290,1.1926
2291,1.1926
2292,1.1926
2293,1.1926
2294,1.1926
2295,1.1926
2296,1.1926
2297,1.1926
2298,1.1926
2299,1.1926
2300,1.1926
2301,1.1926
2302,1.1926
2303,1.1926
2304,1.1926
2305,1.1926
2306,1.1926
2307,1.1926
2308,1.1926
2309,1.1926
2310,1.1926
2311,1.1926
2312,1.1926
2313,1.1926
2314,1.1926
2315,1.1926
2316,1.1926
2317,1.1926
2318,1.1926
2319,1.1926
2320,1.1926
2321,1.1926
2322,1.1926
2323,1.1926
2324,1.1926
2325,1.1926
2326,1.1926
2327,1.1926
2328,1.1926
2329,1.1926
2330,1.1926
2331,1.1926
2332,1.1926
2333,1.1926
2334,1.1926
2335,1.1906
2336,1.1906
2337,1.1906
2338,1.1906
2339,1.1906
2340,1.1906
2341,1.1906
2342,1.1906
2343,1.1906
2344,1.1906
2345,1.1906
2346,1.1906
2347,1.1906
2348,1.1906
2349,1.1906
2350,1.1906
2351,1.1906
2352,1.1906
2353,1.1906
2354,1.1906
2355,1.1906
2356,1.1906
2357,1.1906
2358,1.1906
2359,1.1906
2360,1.1906
2361,1.1906
2362,1.1906
2363,1.1906
2364,1.1906
2365,1.1906
2366,1.1906
2367,1.1906
2368,1.1906
2369,1.1906
2370,1.1906
2371,1.1906
2372,1.1906
2373,1.1906
2374,1.1906
2375,1.1906
2376,1.1906
2377,1.1906
2378,1.1906
2379,1.1906
2380,1.1906
2381,1.1906
2382,1.1906
2383,1.1906
2384,1.1906
2385,1.1906
2386,1.1906
2387,1.1906
2388,1.1906
2389,1.1906
2390,1.1906
2391,1.1906
2392,1.1906
2393,1.1906
2394,1.1906
2395,1.1906
2396,1.1906
2397,1.1906
2398,1.1906
2399,1.1906
2400,1.1906
2401,1.1906
2402,1.1906
2403,1.1906
2404,1.1906
2405,1.1906
2406,1.1906
2407,1.1906
2408,1.1906
2409,1.1906
2410,1.1906
2411,1.1906
2412,1.1906
2413,1.1906
2414,1.1906
2415,1.1906
2416,1.1906
2417,1.1906
2418,1.1906
2419,1.1906
2420,1.1906
2421,1.1906
2422,1.1906
2423,1.1906
2424,1.1906
2425,1.1906
2426,1.1906
2427,1.1906
2428,1.1906
2429,1.1906
2430,1.1906
2431,1.1906
2432,1.1906
2433,1.1906
2434,1.1906
2435,1.1906
2436,1.1906
2437,1.1906
2438,1.1906
2439,1.1906
2440,1.1906
2441,1.1906
2442,1.1906
2443,1.1906
2444,1.1906
2445,1.1906
2446,1.1906
2447,1.1906
2448,1.1906
2449,1.1906
2450,1.1906
2451,1.1906
2452,1.1906
2453,1.1906
2454,1.1906
2455,1.1906
2456,1.1906
2457,1.1906
2458,1.1906
2459,1.1906
2460,1.1906
2461,1.1906
2462,1.1906
2463,1.1906
2464,1.1906
2465,1.1906
2466,1.1906
2467,1.1906
2468,1.1906
2469,1.1906
2470,1.1906
2471,1.1906
2472,1.1906
2473,1.1906
2474,1.1906
2475,1.1906
2476,1.1906
2477,1.1906
2478,1.1906
2479,1.1906
2480,1.1906
2481,1.1906
2482,1.1906
2483,1.1906
2484,1.1906
2485,1.1906
2486,1.1906
2487,1.1906
2488,1.1906
2489,1.1906
2490,1.1906
2491,1.1906
2492,1.1906
2493,1.1906
2494,1.1906
2495,1.1906
2496,1.1906
2497,1.1906
2498,1.1906
2499,1.1906
2500,1.1906
2501,1.1906
2502,1.1906
2503,1.1906
2504,1.1906
2505,1.1906
2506,1.1906
2507,1.1906
2508,1.1906
2509,1.1906
2510,1.1906
2511,1.1906
2512,1.1906
2513,1.1906
2514,1.1906
2515,1.1906
2516,1.1906
2517,1.1906
2518,1.1906
2519,1.1906
2520,1.1906
2521,1.1906
2522,1.1906
2523,1.1906
2524,1.1906
2525,1.1906
2526,1.1906
2527,1.1906
2528,1.1906
2529,1.1906
2530,1.1906
2531,1.1906
2532,1.1906
2533,1.1906
2534,1.1906
2535,1.1906
2536,1.1906
2537,1.1906
2538,1.1906
2539,1.1906
2540,1.1906
2541,1.1906
2542,1.1906
2543,1.1906
2544,1.1906
2545,1.1906
2546,1.1906
2547,1.1906
2548,1.1906
2549,1.1906
2550,1.1906
2551,1.1906
2552,1.1906
2553,1.1906
2554,1.1906
2555,1.1906
2556,1.1906
2557,1.1906
2558,1.1906
2559,1.1906
2560,1.1906
2561,1.1906
2562,1.1906
2563,1.1906
2564,1.1906
2565,1.1906
2566,1.1906
2567,1.1906
2568,1.1906
2569,1.1906
2570,1.1906
2571,1.1906
2572,1.1906
2573,1.1906
2574,1.1906
2575,1.1906
2576,1.1906
2577,1.1906
2578,1.1906
2579,1.1906
2580,1.1906
2581,1.1906
2582,1.1906
2583,1.1906
2584,1.1906
2585,1.1906
2586,1.1906
2587,1.1906
2588,1.1906
2589,1.1906
2590,1.1906
2591,1.1906
2592,1.1906
2593,1.1906
2594,1.1906
2595,1.1906
2596,1.1906
2597,1.1906
2598,1.1906
2599,1.1906
2600,1.1906
2601,1.1906
2602,1.1906
2603,1.1906
2604,1.1906
2605,1.1906
2606,1.1906
2607,1.1906
2608,1.1906
2609,1.1906
2610,1.1906
2611,1.1906
2612,1.1906
2613,1.1906
2614,1.1906
2615,1.1906
2616,1.1906
2617,1.1906
2618,1.1906
2619,1.1906
2620,1.1906
2621,1.1906
2622,1.1906
2623,1.1906
2624,1.1906
2625,1.1906
2626,1.1906
2627,1.1906
2628,1.1906
2629,1.1906
2630,1.1906
2631,1.1906
2632,1.1906
2633,1.1906
2634,1.1906
2635,1.1906
2636,1.1906
2637,1.1906
2638,1.1906
2639,1.1906
2640,1.1906
2641,1.1906
2642,1.1906
2643,1.1906
2644,1.1906
2645,1.1906
2646,1.1906
2647,1.1906
2648,1.1906
2649,1.1906
2650,1.1906
2651,1.1906
2652,1.1906
2653,1.1906
2654,1.1906
2655,1.1906
2656,1.1906
2657,1.1906
2658,1.1906
2659,1.1906
2660,1.1906
2661,1.1906
2662,1.1906
2663,1.1906
2664,1.1906
2665,1.1906
2666,1.1906
2667,1.1906
2668,1.1906
2669,1.1906
2670,1.1906
2671,1.1906
2672,1.1906
2673,1.1906
2674,1.1906
2675,1.1906
2676,1.1906
2677,1.1906
2678,1.1906
2679,1.1906
2680,1.1906
2681,1.1906
2682,1.1906
2683,1.1906
2684,1.1906
2685,1.1906
2686,1.1906
2687,1.1906
2688,1.1906
2689,1.1906
2690,1.1906
2691,1.1906
2692,1.1906
2693,1.1906
2694,1.1906
2695,1.1906
2696,1.1906
2697,1.1906
2698,1.1906
2699,1.1906
2700,1.1906
2701,1.1906
2702,1.1906
2703,1.1906
2704,1.1906
2705,1.1906
2706,1.1906
2707,1.1906
2708,1.1906
2709,1.1906
2710,1.1906
2711,1.1906
2712,1.1906
2713,1.1906
2714,1.1906
2715,1.1906
2716,1.1906
2717,1.1906
2718,1.1906
2719,1.1906
2720,1.1906
2721,1.1906
2722,1.1906
2723,1.1906
2724,1.1906
2725,1.1906
2726,1.1906
2727,1.1906
2728,1.1906
2729,1.1906
2730,1.1906
2731,1.1906
2732,1.1906
2733,1.1906
2734,1.1906
2735,1.1906
2736,1.1906
2737,1.1906
2738,1.1906
2739,1.1906
2740,1.1906
2741,1.1906
2742,1.1906
2743,1.1906
2744,1.1906
2745,1.1906
2746,1.1906
2747,1.1906
2748,1.1906
2749,1.1906
2750,1.1906
2751,1.1906
2752,1.1906
2753,1.1906
2754,1.1906
2755,1.1906
2756,1.1906
2757,1.1906
2758,1.1906
2759,1.1906
2760,1.1906
2761,1.1906
2762,1.1906
2763,1.1906
2764,1.1906
2765,1.1906
2766,1.1906
2767,1.1906
2768,1.1906
2769,1.1906
2770,1.1906
2771,1.1906
2772,1.1906
2773,1.1906
2774,1.1906
2775,1.1906
2776,1.1906
2777,1.1906
2778,1.1906
2779,1.1906
2780,1.1906
2781,1.1906
2782,1.1906
2783,1.1906
2784,1.1906
2785,1.1906
2786,1.1906
2787,1.1906
2788,1.1906
2789,1.1906
2790,1.1906
2791,1.1906
2792,1.1906
2793,1.1906
2794,1.1906
2795,1.1906
2796,1.1906
2797,1.1906
2798,1.1906
2799,1.1906
2800,1.1906
2801,1.1906
2802,1.1906
2803,1.1906
2804,1.1906
2805,1.1906
2806,1.1906
2807,1.1906
2808,1.1906
2809,1.1906
2810,1.1906
2811,1.1906
2812,1.1906
2813,1.1906
2814,1.1906
2815,1.1906
2816,1.1906
2817,1.1906
2818,1.1906
2819,1.1906
2820,1.1906
2821,1.1906
2822,1.1906
2823,1.1906
2824,1.1906
2825,1.1906
2826,1.1906
2827,1.1906
2828,1.1906
2829,1.1906
2830,1.1906
2831,1.1906
2832,1.1906
2833,1.1906
2834,1.1906
2835,1.1906
2836,1.1906
2837,1.1906
2838,1.1906
2839,1.1906
2840,1.1906
2841,1.1906
2842,1.1906
2843,1.1906
2844,1.1906
2845,1.1906
2846,1.1906
2847,1.1906
2848,1.1906
2849,1.1906
2850,1.1906
2851,1.1906
2852,1.1906
2853,1.1906
2854,1.1906
2855,1.1906
2856,1.1906
2857,1.1906
2858,1.1906
2859,1.1906
2860,1.1906
2861,1.1906
2862,1.1906
2863,1.1906
2864,1.1906
2865,1.1906
2866,1.1906
2867,1.1906
2868,1.1906
2869,1.1906
2870,1.1906
2871,1.1906
2872,1.1906
2873,1.1906
2874,1.1906
2875,1.1906
2876,1.1906
2877,1.1906
2878,1.1906
2879,1.1906
2880,1.1906
2881,1.1906
2882,1.1906
2883,1.1906
2884,1.1906
2885,1.1906
2886,1.1906
2887,1.1906
2888,1.1906
2889,1.1906
2890,1.1906
2891,1.1906
2892,1.1906
2893,1.1906
2894,1.1906
2895,1.1906
2896,1.1906
2897,1.1906
2898,1.1906
2899,1.1906
2900,1.1906
2901,1.1906
2902,1.1906
2903,1.1906
2904,1.1906
2905,1.1906
2906,1.1906
2907,1.1906
2908,1.1906
2909,1.1906
2910,1.1906
2911,1.1906
2912,1.1906
2913,1.1906
2914,1.1906
2915,1.1906
2916,1.1906
2917,1.1906
2918,1.1906
2919,1.1906
2920,1.1906
2921,1.1906
2922,1.1906
2923,1.1906
2924,1.1906
2925,1.1906
2926,1.1906
2927,1.1906
2928,1.1906
2929,1.1906
2930,1.1906
2931,1.1906
2932,1.1906
2933,1.1906
2934,1.1906
2935,1.1906
2936,1.1906
2937,1.1906
2938,1.1906
2939,1.1906
2940,1.1906
2941,1.1906
2942,1.1906
2943,1.1906
2944,1.1906
2945,1.1906
2946,1.1906
2947,1.1906
2948,1.1906
2949,1.1906
2950,1.1906
2951,1.1906
2952,1.1906
2953,1.1906
2954,1.1906
2955,1.1906
2956,1.1906
2957,1.1906
2958,1.1906
2959,1.1906
2960,1.1906
2961,1.1906
2962,1.1906
2963,1.1906
2964,1.1906
2965,1.1906
2966,1.1906
2967,1.1906
2968,1.1906
2969,1.1906
2970,1.1906
2971,1.1906
2972,1.1906
2973,1.1906
2974,1.1906
2975,1.1906
2976,1.1906
2977,1.1906
2978,1.1906
2979,1.1906
2980,1.1906
2981,1.1906
2982,1.1906
2983,1.1906
2984,1.1906
2985,1.1906
2986,1.1906
2987,1.1906
2988,1.1906
2989,1.1906
2990,1.1906
2991,1.1906
2992,1.1906
2993,1.1906
2994,1.1906
2995,1.1906
2996,1.1906
2997,1.1906
2998,1.1906
2999,1.1906
3000,1.1906
3001,1.1906
3002,1.1906
3003,1.1906
3004,1.1906
3005,1.1906
3006,1.1906
3007,1.1906
3008,1.1906
3009,1.1906
3010,1.1906
3011,1.1906
3012,1.1906
3013,1.1906
3014,1.1906
3015,1.1906
3016,1.1906
3017,1.1906
3018,1.1906
3019,1.1906
3020,1.1906
3021,1.1906
3022,1.1906
3023,1.1906
3024,1.1906
3025,1.1906
3026,1.1906
3027,1.1906
3028,1.1906
3029,1.1906
3030,1.1906
3031,1.1906
3032,1.1906
3033,1.1906
3034,1.1906
3035,1.1906
3036,1.1906
3037,1.1906
3038,1.1906
3039,1.1906
3040,1.1906
3041,1.1906
3042,1.1906
3043,1.1906
3044,1.1906
3045,1.1906
3046,1.1906
3047,1.1906
3048,1.1906
3049,1.1906
3050,1.1906
3051,1.1906
3052,1.1906
3053,1.1906
3054,1.1906
3055,1.1906
3056,1.1906
3057,1.1906
3058,1.1906
3059,1.1906
3060,1.1906
3061,1.1906
3062,1.1906
3063,1.1906
3064,1.1906
3065,1.1906
3066,1.1906
3067,1.1906
3068,1.1906
3069,1.1906
3070,1.1906
3071,1.1906
3072,1.1906
3073,1.1906
3074,1.1906
3075,1.1906
3076,1.1906
3077,1.1906
3078,1.1906
3079,1.1906
3080,1.1906
3081,1.1906
3082,1.1906
3083,1.1906
3084,1.1906
3085,1.1906
3086,1.1906
3087,1.1906
3088,1.1906
3089,1.1906
3090,1.1906
3091,1.1906
3092,1.1906
3093,1.1906
3094,1.1906
3095,1.1906
3096,1.1906
3097,1.1906
3098,1.1906
3099,1.1906
3100,1.1906
3101,1.1906
3102,1.1906
3103,1.1906
3104,1.1906
3105,1.1906
3106,1.1906
3107,1.1906
3108,1.1906
3109,1.1906
3110,1.1906
3111,1.1906
3112,1.1906
3113,1.1906
3114,1.1906
3115,1.1906
3116,1.1906
3117,1.1906
3118,1.1906
3119,1.1906
3120,1.1906
3121,1.1906
3122,1.1906
3123,1.1906
3124,1.1906
3125,1.1906
3126,1.1906
3127,1.1906
3128,1.1906
3129,1.1906
3130,1.1906
3131,1.1906
3132,1.1906
3133,1.1906
3134,1.1906
3135,1.1906
3136,1.1906
3137,1.1906
3138,1.1906
3139,1.1906
3140,1.1906
3141,1.1906
3142,1.1906
3143,1.1906
3144,1.1906
3145,1.1906
3146,1.1906
3147,1.1906
3148,1.1906
3149,1.1906
3150,1.1906
3151,1.1906
3152,1.1906
3153,1.1906
3154,1.1906
3155,1.1906
3156,1.1906
3157,1.1906
3158,1.1906
3159,1.1906
3160,1.1906
3161,1.1906
3162,1.1906
3163,1.1906
3164,1.1906
3165,1.1906
3166,1.1906
3167,1.1906
3168,1.1906
3169,1.1906
3170,1.1906
3171,1.1906
3172,1.1906
3173,1.1906
3174,1.1906
3175,1.1906
3176,1.1906
3177,1.1906
3178,1.1906
3179,1.1906
3180,1.1906
3181,1.1906
3182,1.1906
3183,1.1906
3184,1.1906
3185,1.1906
3186,1.1906
3187,1.1906
3188,1.1906
3189,1.1906
3190,1.1906
3191,1.1906
3192,1.1906
3193,1.1906
3194,1.1906
3195,1.1906
3196,1.1906
3197,1.1906
3198,1.1906
3199,1.1906
3200,1.1906
3201,1.1906
3202,1.1906
3203,1.1906
3204,1.1906
3205,1.1906
3206,1.1906
3207,1.1906
3208,1.1906
3209,1.1906
3210,1.1906
3211,1.1906
3212,1.1906
3213,1.1906
3214,1.1906
3215,1.1906
3216,1.1906
3217,1.1906
3218,1.1906
3219,1.1906
3220,1.1906
3221,1.1906
3222,1.1906
3223,1.1906
3224,1.1906
3225,1.1906
3226,1.1906
3227,1.1906
3228,1.1906
3229,1.1906
3230,1.1906
3231,1.1906
3232,1.1906
3233,1.1906
3234,1.1906
3235,1.1906
3236,1.1906
3237,1.1906
3238,1.1906
3239,1.1906
3240,1.1906
3241,1.1906
3242,1.1906
3243,1.1906
3244,1.1906
3245,1.1906
3246,1.1906
3247,1.1906
3248,1.1906
3249,1.1906
3250,1.1906
3251,1.1906
3252,1.1906
3253,1.1906
3254,1.1906
3255,1.1906
3256,1.1906
3257,1.1906
3258,1.1906
3259,1.1906
3260,1.1906
3261,1.1906
3262,1.1906
3263,1.1906
3264,1.1906
3265,1.1906
3266,1.1906
3267,1.1906
3268,1.1906
3269,1.1906
3270,1.1906
3271,1.1906
3272,1.1906
3273,1.1906
3274,1.1906
3275,1.1906
3276,1.1906
3277,1.1906
3278,1.1906
3279,1.1906
3280,1.1906
3281,1.1906
3282,1.1906
3283,1.1906
3284,1.1906
3285,1.1906
3286,1.1906
3287,1.1906
3288,1.1906
3289,1.1906
3290,1.1906
3291,1.1906
3292,1.1906
3293,1.1906
3294,1.1906
3295,1.1906
3296,1.1906
3297,1.1906
3298,1.1906
3299,1.1906
3300,1.1906
3301,1.1906
3302,1.1906
3303,1.1906
3304,1.1906
3305,1.1906
3306,1.1906
3307,1.1906
3308,1.1906
3309,1.1906
3310,1.1906
3311,1.1906
3312,1.1906
3313,1.1906
3314,1.1906
3315,1.1906
3316,1.1906
3317,1.1906
3318,1.1906
3319,1.1906
3320,1.1906
3321,1.1906
3322,1.1906
3323,1.1906
3324,1.1906
3325,1.1906
3326,1.1906
3327,1.1906
3328,1.1906
3329,1.1906
3330,1.1906
3331,1.1906
3332,1.1906
3333,1.1906
3334,1.1906
3335,1.1906
3336,1.1906
3337,1.1906
3338,1.1906
3339,1.1906
3340,1.1906
3341,1.1906
3342,1.1906
3343,1.1906
3344,1.1906
3345,1.1906
3346,1.1906
3347,1.1906
3348,1.1906
3349,1.1906
3350,1.1906
3351,1.1906
3352,1.1906
3353,1.1906
3354,1.1906
3355,1.1906
3356,1.1906
3357,1.1906
3358,1.1906
3359,1.1906
3360,1.1906
3361,1.1906
3362,1.1906
3363,1.1906
3364,1.1906
3365,1.1906
3366,1.1906
3367,1.1906
3368,1.1906
3369,1.1906
3370,1.1906
3371,1.1906
3372,1.1906
3373,1.1906
3374,1.1906
3375,1.1906
3376,1.1906
3377,1.1906
3378,1.1906
3379,1.1906
3380,1.1906
3381,1.1906
3382,1.1906
3383,1.1906
3384,1.1906
3385,1.1906
3386,1.1906
3387,1.1906
3388,1.1906
3389,1.1906
3390,1.1906
3391,1.1906
3392,1.1906
3393,1.1906
3394,1.1906
3395,1.1906
3396,1.1906
3397,1.1906
3398,1.1906
3399,1.1906
3400,1.1906
3401,1.1906
3402,1.1906
3403,1.1906
3404,1.1906
3405,1.1906
3406,1.1906
3407,1.1906
3408,1.1906
3409,1.1906
3410,1.1906
3411,1.1906
3412,1.1906
3413,1.1906
3414,1.1906
3415,1.1906
3416,1.1906
3417,1.1906
3418,1.1906
3419,1.1906
3420,1.1906
3421,1.1906
3422,1.1906
3423,1.1906
3424,1.1906
3425,1.1906
3426,1.1906
3427,1.1906
3428,1.1906
3429,1.1906
3430,1.1906
3431,1.1906
3432,1.1906
3433,1.1906
3434,1.1906
3435,1.1906
3436,1.1906
3437,1.1906
3438,1.1906
3439,1.1906
3440,1.1906
3441,1.1906
3442,1.1906
3443,1.1906
3444,1.1906
3445,1.1906
3446,1.1906
3447,1.1906
3448,1.1906
3449,1.1906
3450,1.1906
3451,1.1906
3452,1.1906
3453,1.1906
3454,1.1906
3455,1.1906
3456,1.1906
3457,1.1906
3458,1.1906
3459,1.1906
3460,1.1906
3461,1.1906
3462,1.1906
3463,1.1906
3464,1.1906
3465,1.1906
3466,1.1906
3467,1.1906
3468,1.1906
3469,1.1906
3470,1.1906
3471,1.1906
3472,1.1906
3473,1.1906
3474,1.1906
3475,1.1906
3476,1.1906
3477,1.1906
3478,1.1906
3479,1.1906
3480,1.1906
3481,1.1906
3482,1.1906
3483,1.1906
3484,1.1906
3485,1.1906
3486,1.1906
3487,1.1906
3488,1.1906
3489,1.1906
3490,1.1906
3491,1.1906
3492,1.1906
3493,1.1906
3494,1.1906
3495,1.1906
3496,1.1906
3497,1.1906
3498,1.1906
3499,1.1906
3500,1.1906
3501,1.1906
3502,1.1906
3503,1.1906
3504,1.1906
3505,1.1906
3506,1.1906
3507,1.1906
3508,1.1906
3509,1.1906
3510,1.1906
3511,1.1906
3512,1.1906
3513,1.1906
3514,1.1906
3515,1.1906
3516,1.1906
3517,1.1906
3518,1.1906
3519,1.1906
3520,1.1906
3521,1.1906
3522,1.1906
3523,1.1906
3524,1.1906
3525,1.1906
3526,1.1906
3527,1.1906
3528,1.1906
3529,1.1906
3530,1.1906
3531,1.1906
3532,1.1906
3533,1.1906
3534,1.1906
3535,1.1906
3536,1.1906
3537,1.1906
3538,1.1906
3539,1.1906
3540,1.1906
3541,1.1906
3542,1.1906
3543,1.1906
3544,1.1906
3545,1.1906
3546,1.1906
3547,1.1906
3548,1.1906
3549,1.1906
3550,1.1906
3551,1.1906
3552,1.1906
3553,1.1906
3554,1.1906
3555,1.1906
3556,1.1906
3557,1.1906
3558,1.1906
3559,1.1906
3560,1.1906
3561,1.1906
3562,1.1906
3563,1.1906
3564,1.1906
3565,1.1906
3566,1.1906
3567,1.1906
3568,1.1906
3569,1.1906
3570,1.1906
3571,1.1906
3572,1.1906
3573,1.1906
3574,1.1906
3575,1.1906
3576,1.1906
3577,1.1906
3578,1.1906
3579,1.1906
3580,1.1906
3581,1.1906
3582,1.1906
3583,1.1906
3584,1.1906
3585,1.1906
3586,1.1906
3587,1.1906
3588,1.1906
3589,1.1906
3590,1.1906
3591,1.1906
3592,1.1906
3593,1.1906
3594,1.1906
3595,1.1906
3596,1.1906
3597,1.1906
3598,1.1906
3599,1.1906
3600,1.1906
3601,1.1906
3602,1.1906
3603,1.1906
3604,1.1906
3605,1.1906
3606,1.1906
3607,1.1906
3608,1.1906
3609,1.1906
3610,1.1906
3611,1.1906
3612,1.1906
3613,1.1906
3614,1.1906
3615,1.1906
3616,1.1906
3617,1.1906
3618,1.1906
3619,1.1906
3620,1.1906
3621,1.1906
3622,1.1906
3623,1.1906
3624,1.1906
3625,1.1906
3626,1.1906
3627,1.1906
3628,1.1906
3629,1.1906
3630,1.1906
3631,1.1906
3632,1.1906
3633,1.1906
3634,1.1906
3635,1.1906
3636,1.1906
3637,1.1906
3638,1.1906
3639,1.1906
3640,1.1906
3641,1.1906
3642,1.1906
3643,1.1906
3644,1.1906
3645,1.1906
3646,1.1906
3647,1.1906
3648,1.1906
3649,1.1906
3650,1.1906
3651,1.1906
3652,1.1906
3653,1.1906
3654,1.1906
3655,1.1906
3656,1.1906
3657,1.1906
3658,1.1906
3659,1.1906
3660,1.1906
3661,1.1906
3662,1.1906
3663,1.1906
3664,1.1906
3665,1.1906
3666,1.1906
3667,1.1906
3668,1.1906
3669,1.1906
3670,1.1906
3671,1.1906
3672,1.1906
3673,1.1906
3674,1.1906
3675,1.1906
3676,1.1906
3677,1.1906
3678,1.1906
3679,1.1906
3680,1.1906
3681,1.1906
3682,1.1906
3683,1.1906
3684,1.1906
3685,1.1906
3686,1.1906
3687,1.1906
3688,1.1906
3689,1.1906
3690,1.1906
3691,1.1906
3692,1.1906
3693,1.1906
3694,1.1906
3695,1.1906
3696,1.1906
3697,1.1906
3698,1.1906
3699,1.1906
3700,1.1906
3701,1.1906
3702,1.1906
3703,1.1906
3704,1.1906
3705,1.1906
3706,1.1906
3707,1.1906
3708,1.1906
3709,1.1906
3710,1.1906
3711,1.1906
3712,1.1906
3713,1.1906
3714,1.1906
3715,1.1906
3716,1.1906
3717,1.1906
3718,1.1906
3719,1.1906
3720,1.1906
3721,1.1906
3722,1.1906
3723,1.1906
3724,1.1906
3725,1.1906
3726,1.1906
3727,1.1906
3728,1.1906
3729,1.1906
3730,1.1906
3731,1.1906
3732,1.1906
3733,1.1906
3734,1.1906
3735,1.1906
3736,1.1906
3737,1.1906
3738,1.1906
3739,1.1906
3740,1.1906
3741,1.1906
3742,1.1906
3743,1.1906
3744,1.1906
3745,1.1906
3746,1.1906
3747,1.1906
3748,1.1906
3749,1.1906
3750,1.1906
3751,1.1906
3752,1.1906
3753,1.1906
3754,1.1906
3755,1.1906
3756,1.1906
3757,1.1906
3758,1.1906
3759,1.1906
3760,1.1906
3761,1.1906
3762,1.1906
3763,1.1906
3764,1.1906
3765,1.1906
3766,1.1906
3767,1.1906
3768,1.1906
3769,1.1906
3770,1.1906
3771,1.1906
3772,1.1906
3773,1.1906
3774,1.1906
3775,1.1906
3776,1.1906
3777,1.1906
3778,1.1906
3779,1.1906
3780,1.1906
3781,1.1906
3782,1.1906
3783,1.1906
3784,1.1906
3785,1.1906
3786,1.1906
3787,1.1906
3788,1.1906
3789,1.1906
3790,1.1906
3791,1.1906
3792,1.1906
3793,1.1906
3794,1.1906
3795,1.1906
3796,1.1906
3797,1.1906
3798,1.1906
3799,1.1906
3800,1.1906
3801,1.1854
3802,1.1854
3803,1.1854
3804,1.1854
3805,1.1854
3806,1.1854
3807,1.1854
3808,1.1854
3809,1.1854
3810,1.1854
3811,1.1854
3812,1.1854
3813,1.1854
3814,1.1854
3815,1.1854
3816,1.1854
3817,1.1854
3818,1.1854
3819,1.1854
3820,1.1854
3821,1.1854
3822,1.1854
3823,1.1854
3824,1.1854
3825,1.1854
3826,1.1854
3827,1.1854
3828,1.1854
3829,1.1854
3830,1.1854
3831,1.1854
3832,1.1854
3833,1.1854
3834,1.1854
3835,1.1854
3836,1.1854
3837,1.1854
3838,1.1854
3839,1.1854
3840,1.1854
3841,1.1854
3842,1.1854
3843,1.1854
3844,1.1854
3845,1.1854
3846,1.1854
3847,1.1854
3848,1.1854
3849,1.1854
3850,1.1854
3851,1.1854
3852,1.1854
3853,1.1854
3854,1.1854
3855,1.1854
3856,1.1854
3857,1.1854
3858,1.1854
3859,1.1854
3860,1.1854
3861,1.1854
3862,1.1854
3863,1.1854
3864,1.1854
3865,1.1854
3866,1.1854
3867,1.1854
3868,1.1854
3869,1.1854
3870,1.1854
3871,1.1854
3872,1.1854
3873,1.1854
3874,1.1854
3875,1.1854
3876,1.1854
3877,1.1854
3878,1.1854
3879,1.1854
3880,1.1854
3881,1.1854
3882,1.1854
3883,1.1854
3884,1.1854
3885,1.1854
3886,1.1854
3887,1.1854
3888,1.1854
3889,1.1854
3890,1.1854
3891,1.1854
3892,1.1854
3893,1.1854
3894,1.1854
3895,1.1854
3896,1.1854
3897,1.1854
3898,1.1854
3899,1.1854
3900,1.1854
3901,1.1854
3902,1.1854
3903,1.1854
3904,1.1854
3905,1.1854
3906,1.1854
3907,1.1854
3908,1.1854
3909,1.1854
3910,1.1854
3911,1.1854
3912,1.1854
3913,1.1854
3914,1.1854
3915,1.1854
3916,1.1854
3917,1.1854
3918,1.1854
3919,1.1854
3920,1.1854
3921,1.1854
3922,1.1854
3923,1.1854
3924,1.1854
3925,1.1854
3926,1.1854
3927,1.1854
3928,1.1854
3929,1.1854
3930,1.1854
3931,1.1854
3932,1.1854
3933,1.1854
3934,1.1854
3935,1.1854
3936,1.1854
3937,1.1854
3938,1.1854
3939,1.1854
3940,1.1854
3941,1.1854
3942,1.1854
3943,1.1854
3944,1.1854
3945,1.1854
3946,1.1854
3947,1.1854
3948,1.1854
3949,1.1854
3950,1.1854
3951,1.1854
3952,1.1854
3953,1.1854
3954,1.1854
3955,1.1854
3956,1.1854
3957,1.1854
3958,1.1854
3959,1.1854
3960,1.1854
3961,1.1854
3962,1.1854
3963,1.1854
3964,1.1854
3965,1.1854
3966,1.1854
3967,1.1854
3968,1.1854
3969,1.1854
3970,1.1854
3971,1.1854
3972,1.1854
3973,1.1854
3974,1.1854
3975,1.1854
3976,1.1854
3977,1.1854
3978,1.1854
3979,1.1854
3980,1.1854
3981,1.1854
3982,1.1854
3983,1.1854
3984,1.1854
3985,1.1854
3986,1.1854
3987,1.1854
3988,1.1854
3989,1.1854
3990,1.1854
3991,1.1854
3992,1.1854
3993,1.1854
3994,1.1854
3995,1.1854
3996,1.1854
3997,1.1854
3998,1.1854
3999,1.1854
4000,1.1854
