4,100
5,100
6,100
7,100
8,100
9,100
10,100
11,100
12,100
13,100
14,100
15,100
16,100
17,100
18,100
19,100
20,100
21,100
22,100
23,100
24,100
25,100
26,100
27,100
28,100
29,100
30,100
31,100
32,100
33,100
34,100
35,100
36,100
37,100
38,100
39,100
40,100
41,100
42,100
43,100
44,100
45,100
46,100
47,100
48,100
49,100
50,100
51,100
52,100
53,100
54,100
55,100
56,100
57,100
58,100
59,100
60,100
61,100
62,100
63,100
64,100
65,100
66,100
67,100
68,100
69,100
70,100
71,100
72,100
73,100
74,100
75,100
76,100
77,100
78,100
79,100
80,100
81,100
82,100
83,100
84,100
85,100
86,100
87,100
88,100
89,100
90,100
91,100
92,100
93,100
94,100
95,100
96,100
97,100
98,100
99,100
100,100
101,100
102,100
103,100
104,100
105,100
106,100
107,100
108,100
109,100
110,100
111,100
112,100
113,100
114,100
115,100
116,100
117,100
118,100
119,100
120,100
121,100
122,100
123,100
124,100
125,100
126,100
127,100
128,100
129,100
130,100
131,100
132,100
133,100
134,100
135,100
136,100
137,100
138,100
139,100
140,100
141,100
142,100
143,100
144,100
145,100
146,100
147,100
148,100
149,100
150,100
151,100
152,100
153,100
154,100
155,100
156,100
157,100
158,100
159,100
160,100
161,100
162,100
163,100
164,100
165,100
166,100
167,100
168,100
169,100
170,100
171,100
172,100
173,100
174,100
175,100
176,100
177,100
178,100
179,100
180,100
181,100
182,100
183,100
184,100
185,100
186,100
187,100
188,100
189,100
190,100
191,100
192,100
193,100
194,100
195,100
196,100
197,100
198,100
199,100
200,100
201,100
202,100
203,100
204,100
205,100
206,100
207,100
208,100
209,100
210,100
211,100
212,100
213,100
214,100
215,100
216,100
217,100
218,100
219,100
220,100
221,100
222,100
223,100
224,100
225,100
226,100
227,100
228,100
229,100
230,100
231,100
232,100
233,100
234,100
235,100
236,100
237,100
238,100
239,100
240,100
241,100
242,100
243,100
244,100
245,100
246,100
247,100
248,100
249,100
250,100
251,100
252,100
253,100
254,100
255,100
256,100
257,100
258,100
259,100
260,100
261,100
262,100
263,100
264,100
265,100
266,100
267,100
268,100
269,100
270,100
271,100
272,100
273,100
274,100
275,100
276,100
277,100
278,100
279,100
280,100
281,100
282,100
283,100
284,100
285,100
286,100
287,100
288,100
289,100
290,100
291,100
292,100
293,100
294,100
295,100
296,100
297,100
298,100
299,100
300,100
301,100
302,100
303,100
304,100
305,100
306,100
307,100
308,100
309,100
310,100
311,100
312,100
313,100
314,100
315,100
316,100
317,100
318,100
319,100
320,100
321,100
322,100
323,100
324,100
325,100
326,100
327,100
328,100
329,100
330,100
331,100
332,100
333,100
334,100
335,100
336,100
337,100
338,100
339,100
340,100
341,100
342,100
343,100
344,100
345,100
346,100
347,100
348,100
349,100
350,100
351,100
352,100
353,100
354,100
355,100
356,100
357,100
358,100
359,100
360,100
361,100
362,100
363,100
364,100
365,100
366,100
367,100
368,100
369,100
370,100
371,100
372,100
373,100
374,100
375,100
376,100
377,100
378,100
379,100
380,100
381,100
382,100
383,100
384,100
385,100
386,100
387,100
388,100
389,100
390,100
391,100
392,100
393,100
394,100
395,100
396,100
397,100
398,100
399,100
400,100
401,100
402,100
403,100
404,100
405,100
406,100
407,100
408,100
409,100
410,100
411,100
412,100
413,100
414,100
415,100
416,100
417,100
418,100
419,100
420,100
421,100
422,100
423,100
424,100
425,100
426,100
427,100
428,100
429,100
430,100
431,100
432,100
433,100
434,100
435,100
436,100
437,100
438,100
439,100
440,100
441,100
442,100
443,100
444,100
445,100
446,100
447,100
448,100
449,100
450,100
451,100
452,100
453,100
454,100
455,100
456,100
457,100
458,100
459,100
460,100
461,100
462,100
463,100
464,100
465,100
466,100
467,100
468,100
469,100
470,100
471,100
472,100
473,100
474,100
475,100
476,100
477,100
478,100
479,100
480,100
481,100
482,100
483,100
484,100
485,100
486,100
487,100
488,100
489,100
490,100
491,100
492,100
493,100
494,100
495,100
496,99
497,99
498,99
499,99
500,99
501,99
502,99
503,99
504,99
505,99
506,99
507,99
508,99
509,99
510,99
511,99
512,99
513,99
514,99
515,99
516,99
517,99
518,99
519,99
520,99
521,99
522,99
523,99
524,99
525,99
526,99
527,99
528,99
529,99
530,99
531,99
532,99
533,99
534,99
535,99
536,99
537,99
538,99
539,99
540,99
541,99
542,99
543,99
544,99
545,99
546,99
547,99
548,99
549,99
550,99
551,99
552,99
553,99
554,99
555,99
556,99
557,99
558,99
559,98
560,98
561,98
562,98
563,98
564,98
565,98
566,97
567,97
568,97
569,97
570,97
571,97
572,97
573,97
574,97
575,97
576,97
577,97
578,96
579,96
580,96
581,96
582,96
583,95
584,95
585,95
586,95
587,95
588,95
589,95
590,95
591,95
592,95
593,95
594,95
595,95
596,95
597,95
598,95
599,94
600,94
601,94
602,94
603,94
604,94
605,94
606,94
607,94
608,94
609,94
610,93
611,93
612,92
613,92
614,92
615,91
616,91
617,91
618,91
619,91
620,91
621,91
622,91
623,91
624,90
625,90
626,90
627,90
628,90
629,90
630,90
631,90
632,90
633,90
634,90
635,90
636,90
637,90
638,90
639,90
640,90
641,90
642,90
643,90
644,90
645,90
646,90
647,90
648,90
649,90
650,90
651,90
652,90
653,90
654,90
655,89
656,89
657,89
658,89
659,89
660,89
661,89
662,89
663,89
664,89
665,89
666,89
667,89
668,89
669,89
670,89
671,89
672,89
673,89
674,89
675,89
676,89
677,89
678,89
679,89
680,88
681,88
682,88
683,88
684,88
685,87
686,87
687,87
688,87
689,87
690,87
691,87
692,87
693,87
694,87
695,86
696,86
697,86
698,86
699,86
700,86
701,86
702,86
703,86
704,86
705,86
706,86
707,86
708,86
709,86
710,85
711,85
712,85
713,85
714,85
715,85
716,85
717,84
718,84
719,84
720,84
721,84
722,84
723,84
724,84
725,84
726,84
727,84
728,84
729,84
730,84
731,84
732,84
733,84
734,84
735,84
736,84
737,84
738,84
739,84
740,84
741,84
742,84
743,84
744,84
745,84
746,84
747,84
748,84
749,84
750,84
751,84
752,84
753,84
754,84
755,84
756,84
757,84
758,84
759,84
760,84
761,84
762,84
763,83
764,83
765,83
766,83
767,83
768,83
769,83
770,83
771,83
772,83
773,82
774,82
775,82
776,82
777,82
778,82
779,82
780,82
781,80
782,80
783,80
784,80
785,80
786,80
787,80
788,80
789,80
790,80
791,80
792,79
793,79
794,78
795,78
796,78
797,78
798,78
799,78
800,78
801,77
802,77
803,77
804,77
805,77
806,77
807,77
808,77
809,77
810,77
811,77
812,77
813,77
814,77
815,76
816,76
817,76
818,76
819,76
820,76
821,76
822,76
823,76
824,76
825,76
826,75
827,75
828,75
829,74
830,74
831,74
832,74
833,74
834,74
835,74
836,74
837,74
838,74
839,74
840,74
841,74
842,74
843,74
844,74
845,74
846,74
847,73
848,73
849,73
850,73
851,72
852,72
853,72
854,72
855,71
856,71
857,70
858,70
859,70
860,70
861,70
862,70
863,70
864,70
865,70
866,70
867,70
868,70
869,70
870,70
871,70
872,69
873,69
874,69
875,69
876,69
877,68
878,68
879,68
880,68
881,68
882,67
883,67
884,67
885,67
886,67
887,67
888,66
889,66
890,66
891,65
892,65
893,65
894,65
895,65
896,65
897,65
898,65
899,65
900,65
901,65
902,65
903,65
904,65
905,65
906,65
907,65
908,65
909,64
910,64
911,64
912,64
913,64
914,64
915,64
916,64
917,63
918,63
919,63
920,62
921,62
922,62
923,62
924,62
925,62
926,62
927,62
928,62
929,62
930,62
931,61
932,61
933,61
934,61
935,61
936,61
937,61
938,61
939,61
940,61
941,61
942,61
943,61
944,61
945,61
946,61
947,60
948,59
949,59
950,59
951,59
952,59
953,59
954,58
955,58
956,58
957,58
958,58
959,58
960,58
961,58
962,57
963,57
964,57
965,57
966,57
967,57
968,56
969,56
970,56
971,56
972,56
973,56
974,56
975,56
976,55
977,55
978,55
979,55
980,55
981,55
982,55
983,55
984,55
985,55
986,55
987,55
988,55
989,55
990,55
991,55
992,55
993,55
994,55
995,55
996,55
997,55
998,54
999,54
1000,53
1001,53
1002,53
1003,53
1004,53
1005,53
1006,53
1007,53
1008,53
1009,53
1010,52
1011,52
1012,52
1013,51
1014,51
1015,51
1016,51
1017,51
1018,51
1019,51
1020,51
1021,51
1022,51
1023,51
1024,51
1025,51
1026,50
1027,50
1028,50
1029,50
1030,50
1031,49
1032,49
1033,49
1034,49
1035,49
1036,49
1037,48
1038,48
1039,48
1040,48
1041,48
1042,48
1043,48
1044,48
1045,48
1046,48
1047,48
1048,48
1049,48
1050,48
1051,48
1052,48
1053,48
1054,48
1055,47
1056,47
1057,47
1058,46
1059,45
1060,45
1061,45
1062,44
1063,44
1064,44
1065,44
1066,44
1067,43
1068,43
1069,43
1070,42
1071,42
1072,42
1073,42
1074,42
1075,42
1076,42
1077,42
1078,42
1079,42
1080,42
1081,42
1082,42
1083,42
1084,41
1085,40
1086,40
1087,39
1088,39
1089,39
1090,39
1091,38
1092,38
1093,38
1094,38
1095,38
1096,38
1097,38
1098,38
1099,38
1100,38
1101,38
1102,38
1103,38
1104,37
1105,37
1106,37
1107,37
1108,37
1109,37
1110,37
1111,37
1112,36
1113,36
1114,36
1115,36
1116,36
1117,36
1118,36
1119,36
1120,36
1121,36
1122,36
1123,35
1124,35
1125,35
1126,35
1127,35
1128,35
1129,35
1130,34
1131,34
1132,34
1133,34
1134,34
1135,34
1136,34
1137,34
1138,34
1139,34
1140,34
1141,34
1142,34
1143,34
1144,34
1145,34
1146,34
1147,34
1148,33
1149,33
1150,33
1151,33
1152,33
1153,33
1154,33
1155,33
1156,33
1157,33
1158,33
1159,32
1160,31
1161,31
1162,31
1163,31
1164,31
1165,31
1166,31
1167,31
1168,31
1169,31
1170,31
1171,31
1172,31
1173,31
1174,31
1175,31
1176,31
1177,31
1178,31
1179,31
1180,31
1181,31
1182,31
1183,31
1184,31
1185,31
1186,31
1187,31
1188,31
1189,31
1190,31
1191,31
1192,30
1193,30
1194,30
1195,30
1196,30
1197,30
1198,30
1199,29
1200,29
1201,29
1202,29
1203,28
1204,28
1205,28
1206,28
1207,28
1208,28
1209,28
1210,28
1211,28
1212,28
1213,28
1214,28
1215,28
1216,28
1217,28
1218,28
1219,27
1220,27
1221,27
1222,26
1223,26
1224,26
1225,26
1226,26
1227,26
1228,26
1229,26
1230,26
1231,26
1232,26
1233,25
1234,25
1235,25
1236,24
1237,24
1238,24
1239,24
1240,24
1241,23
1242,23
1243,23
1244,23
1245,23
1246,23
1247,23
1248,23
1249,23
1250,23
1251,23
1252,23
1253,23
1254,23
1255,23
1256,23
1257,23
1258,23
1259,23
1260,23
1261,23
1262,23
1263,23
1264,23
1265,22
1266,22
1267,22
1268,22
1269,22
1270,22
1271,22
1272,22
1273,22
1274,22
1275,22
1276,22
1277,22
1278,22
1279,21
1280,21
1281,21
1282,21
1283,20
1284,20
1285,20
1286,20
1287,20
1288,20
1289,20
1290,20
1291,20
1292,20
1293,20
1294,20
1295,20
1296,19
1297,18
1298,17
1299,17
1300,17
1301,17
1302,17
1303,17
1304,17
1305,17
1306,17
1307,17
1308,17
1309,17
1310,17
1311,17
1312,17
1313,17
1314,17
1315,17
1316,17
1317,17
1318,17
1319,17
1320,17
1321,17
1322,17
1323,17
1324,17
1325,17
1326,17
1327,17
1328,17
1329,17
1330,17
1331,17
1332,17
1333,17
1334,17
1335,17
1336,17
1337,17
1338,16
1339,16
1340,15
1341,15
1342,15
1343,15
1344,15
1345,15
1346,15
1347,15
1348,15
1349,15
1350,15
1351,15
1352,15
1353,15
1354,15
1355,15
1356,15
1357,15
1358,15
1359,14
1360,14
1361,14
1362,14
1363,14
1364,14
1365,14
1366,14
1367,14
1368,13
1369,12
1370,12
1371,12
1372,10
1373,10
1374,10
1375,10
1376,10
1377,10
1378,10
1379,10
1380,9
1381,9
1382,9
1383,9
1384,9
1385,9
1386,9
1387,9
1388,9
1389,9
1390,9
1391,9
1392,9
1393,9
1394,9
1395,9
1396,9
1397,9
1398,9
1399,9
1400,9
1401,9
1402,8
1403,8
1404,8
1405,8
1406,8
1407,8
1408,8
1409,8
1410,8
1411,8
1412,8
1413,8
1414,8
1415,8
1416,8
1417,8
1418,8
1419,8
1420,8
1421,8
1422,7
1423,7
1424,6
1425,6
1426,6
1427,6
1428,6
1429,6
1430,6
1431,6
1432,5
1433,5
1434,5
1435,5
1436,5
1437,5
1438,5
1439,5
1440,5
1441,5
1442,5
1443,5
1444,5
1445,5
1446,5
1447,5
1448,5
1449,5
1450,5
1451,5
1452,5
1453,5
1454,5
1455,5
1456,5
1457,5
1458,5
1459,5
1460,5
1461,5
1462,5
1463,4
1464,4
1465,4
1466,4
1467,3
1468,3
1469,3
1470,3
1471,3
1472,3
1473,3
1474,3
1475,3
1476,3
1477,3
1478,3
1479,3
1480,3
1481,3
1482,3
1483,3
1484,3
1485,3
1486,3
1487,3
1488,2
1489,2
1490,2
1491,2
1492,2
1493,2
1494,2
1495,2
1496,2
1497,2
1498,2
1499,2
1500,2
1501,2
1502,2
1503,2
1504,1
1505,1
1506,1
1507,1
1508,1
1509,1
1510,1
1511,1
1512,1
1513,1
1514,1
1515,1
1516,1
1517,1
1518,1
1519,1
1520,1
1521,1
1522,1
1523,1
1524,1
1525,1
1526,1
1527,1
1528,1
1529,1
1530,1
1531,1
1532,1
1533,1
1534,1
1535,1
1536,1
1537,1
1538,1
1539,1
1540,1
1541,1
1542,1
1543,1
1544,1
1545,1
1546,1
1547,1
1548,1
1549,1
1550,1
1551,1
1552,1
1553,1
1554,1
1555,1
1556,1
1557,1
1558,1
1559,1
1560,1
1561,1
1562,1
1563,1
1564,1
1565,1
1566,1
1567,1
1568,1
1569,1
1570,1
1571,1
1572,0
